how tall is the eifel tower a) Tall enough b) 1083ft c) 6ft d)2cm , b
how much to pass a) 40 b) 1083 c) 60 d) 20,a
Name the process which coverts light to energy in plants a)freen b)typosynethisis c)mundamtheisis d)photosynthesis,d
